USDA_TEXTURE_CLASSES = {
    "sand": [[10.0, 90.0, 0.0], [0.0, 100.0, 0.0], [0.0, 85.0, 15.0]],
    "loamy sand": [
        [15.0, 85.0, 0.0],
        [10.0, 90.0, 0.0],
        [0.0, 85.0, 15.0],
        [0.0, 70.0, 30.0],
    ],
    "sandy loam": [
        [20.0, 52.0, 28.0],
        [20.0, 80.0, 0.0],
        [15.0, 85.0, 0.0],
        [0.0, 70.0, 30.0],
        [0.0, 50.0, 50.0],
        [7.0, 43.0, 50.0],
        [7.0, 52.0, 41.0],
    ],
    "loam": [
        [27.0, 23.0, 50.0],
        [27.0, 45.0, 28.0],
        [20.0, 52.0, 28.0],
        [7.0, 52.0, 41.0],
        [7.0, 43.0, 50.0],
    ],
    "silt loam": [
        [27.0, 0.0, 73.0],
        [27.0, 23.0, 50.0],
        [0.0, 50.0, 50.0],
        [0.0, 20.0, 80.0],
        [12.0, 8.0, 80.0],
        [12.0, 0.0, 88.0],
    ],
    "silt": [
        [12.0, 0.0, 88.0],
        [12.0, 8.0, 80.0],
        [0.0, 20.0, 80.0],
        [0.0, 0.0, 100.0],
    ],
    "sandy clay loam": [
        [35.0, 45.0, 20.0],
        [35.0, 65.0, 0.0],
        [20.0, 80.0, 0.0],
        [20.0, 52.0, 28.0],
        [27.0, 45.0, 28.0],
    ],
    "clay loam": [
        [40.0, 20.0, 40.0],
        [40.0, 45.0, 15.0],
        [27.0, 45.0, 28.0],
        [27.0, 20.0, 53.0],
    ],
    "silty clay loam": [
        [40.0, 0.0, 60.0],
        [40.0, 20.0, 40.0],
        [27.0, 20.0, 53.0],
        [27.0, 0.0, 73.0],
    ],
    "sandy clay": [[55.0, 45.0, 0.0], [35.0, 65.0, 0.0], [35.0, 45.0, 20.0]],
    "silty clay": [[60.0, 0.0, 40.0], [40.0, 20.0, 40.0], [40.0, 0.0, 60.0]],
    "clay": [
        [100.0, 0.0, 0.0],
        [55.0, 45.0, 0.0],
        [40.0, 45.0, 15.0],
        [40.0, 20.0, 40.0],
        [60.0, 0.0, 40.0],
    ],
}

HYPRES_TEXTURE_CLASSES = {
    "coarse": [  # Coarse: 0 ≤ clay < 18, sand ≥ 65
        [18.0, 82.0, 0.0],
        [0.0, 100.0, 0.0],
        [0.0, 65.0, 35.0],
        [18.0, 65.0, 17.0],
    ],
    "medium": [  # Medium: (0–18 clay & 15–65 sand) OR (18–35 clay & sand ≥15)
        [35.0, 65.0, 0.0],
        [18.0, 82.0, 0.0],
        [18.0, 65.0, 17.0],
        [0.0, 65.0, 35.0],
        [0.0, 15.0, 85.0],
        [35.0, 15.0, 50.0],
    ],
    "medium fine": [  # Medium fine: (clay<35) and (sand<15)
        [35.0, 15.0, 50.0],
        [0.0, 15.0, 85.0],
        [0.0, 0.0, 100.0],
        [35.0, 0.0, 65.0],
    ],
    "fine": [  # Fine: 35 ≤ clay < 60
        [60.0, 40.0, 0.0],
        [35.0, 65.0, 0.0],
        [35.0, 0.0, 65.0],
        [60.0, 0.0, 40.0],
    ],
    "very fine": [  # Very fine: clay ≥ 60
        [100.0, 0.0, 0.0],
        [60.0, 40.0, 0.0],
        [60.0, 0.0, 40.0],
    ],
}
